138
123
116
111
102
96
88
289
238
238
229
220
212
198
117
697
674
669
668
660
656
651
648
641
627
619
601
593
569
562
482
471
463
455
449
442
181
114
105
898
889
857
826
814
807
789
736
737
685
699
666
651
683
659
641
617
601
611
595
598
611
549
504
493
394
383
403
366
341
317
270
215
196
143
128
49
23
79
103
56
97
166
202
321
350
289
271
248
302
325
379
514
549
708
824
854
762
625
548
501
506
429
423
391
388
370
267
267
271
183
12
41
73
72
98
94
145
136
134
185
186
215
234
234
242
414
884
811
786
893
897
878
804
768
812
710
698
642
628
465
424
332
125
128
72
83
41
14
34
54
93
123
100
95
134
15
17
145
11
11
27
25
68
54
66
80
88
98
112
120
133
130
156
168
175
190
191
193
156
284
284
276
245
257
261
316
346
346
315
340
355
368
373
398
416
401
437
428
430
406
425
445
463
461
464
488
484
504
511
510
505
576
568
597
587
608
558
577
596
626
632
639
645
645
676
676
699
689
692
709
709
709
683
689
748
757
776
781
781
793
802
827
841
834
844
844
843
830
820
797
875
883
897
853
823
803
790
767
753
740
676
307
269
261
235
192
136
124
78
628
643
596
574
566
455
448
395
340
481
899
849
832
877
847
871
859
858
835
818
816
803
793
790
794
762
773
759
746
713
691
702
672
655
681
720
710
639
621
588
594
614
577
546
566
551
531
529
498
493
475
421
338
347
282
257
144
122
15
14
11
15
44
55
68
102
147
184
233
229
251
255
317
343
386
405
441
418
480
473
449
466
500
573
583
710
708
665
624
573
549
505
485
439
398
381
346
316
260
259
246
143
102
42
42
80
85
98
134
140
150
172
167
187
286
263
292
349
371
355
379
407
440
461
518
541
548
594
594
608
621
675
684
712
720
744
759
791
812
826
836
867
875
875
895
868
852
851
886
879
884
864
856
836
837
823
789
775
783
754
748
717
678
650
641
617
578
568
555
508
499
453
455
442
398
390
345
329
317
250
230
189
182
165
144
144
134
108
105
93
73
66
47
38
14
26
11
267
259
271
278
277
297
343
330
338
338
383
398
399
411
417
425
426
452
461
452
456
461
488
485
505
514
518
524
533
518
497
525
559
581
569
602
621
604
624
651
652
651
669
683
686
695
703
710
718
738
746
768
786
788
781
794
789
796
812
830
839
838
877
863
861
855
876
876
882
893
891
895
872
795
799
787
772
748
727
714
873
869
865
849
842
812
803
801
790
782
752
745
743
751
751
705
713
716
702
694
673
669
661
659
638
644
646
647
650
657
678
687
660
650
627
614
604
589
620
620
618
614
585
600
594
572
571
558
551
571
562
540
530
530
536
536
526
521
514
500
472
490
479
452
430
445
457
447
450
466
471
447
442
439
431
418
431
411
397
413
384
395
377
371
376
295
322
339
362
368
342
351
346
336
326
319
313
302
294
262
277
285
291
291
278
258
258
271
248
228
226
219
221
220
218
204
175
209
202
204
192
181
181
171
168
175
162
139
147
150
155
137
135
128
89
97
98
108
73
81
75
68
68
52
52
43
35
32
12
15
12
14
831
656
650
630
622
582
573
546
440
424
406
395
390
386
380
353
301
295
289
285
281
274
273
256
114
88
71
381
426
818
19
25
77
68
76
108
106
172
169
218
258
284
336
385
408
450
501
512
548
529
729
692
704
681
662
719
778
783
794
807
848
844
854
844
895
895
888
818
811
775
735
701
677
564
529
480
471
371
347
311
314
322
290
295
307
236
199
203
170
117
90
34
34
37
72
72
60
54
83
71
78
100
107
133
126
172
203
233
236
262
252
343
370
375
400
411
424
434
455
455
470
506
508
503
497
496
528
519
519
535
545
543
553
569
588
610
595
592
590
583
607
618
630
642
692
683
705
698
740
735
792
803
799
827
844
852
888
885
885
890
895
888
878
837
820
810
783
775
771
774
749
734
720
712
667
674
674
688
652
654
631
615
613
579
588
580
568
544
556
558
515
506
522
482
468
449
426
423
417
419
420
399
391
397
378
404
374
363
357
361
366
363
347
339
328
330
310
306
317
312
308
308
297
297
237
255
242
245
243
255
267
258
233
210
205
204
214
220
198
194
172
184
184
184
178
160
159
148
135
140
147
144
145
145
125
116
124
102
96
67
58
41
31
11
11
46
40
167
194
289
392
439
464
566
592
493
466
450
443
413
387
520
511
698
574
895
893
892
895
890
885
885
896
896
896
892
881
880
860
875
876
881
875
876
878
870
852
863
849
852
853
856
860
847
857
846
826
822
834
824
837
836
846
838
831
831
789
795
804
807
818
803
814
807
812
808
805
802
761
755
766
760
785
772
787
777
777
769
769
781
790
764
780
778
766
736
741
738
745
735
742
735
717
724
722
734
734
706
721
713
720
712
704
712
705
710
701
693
688
694
688
686
689
688
688
695
693
681
683
680
677
677
667
661
668
672
670
663
668
658
656
657
648
649
645
639
644
634
632
636
630
622
635
627
631
628
620
619
616
627
624
615
615
613
614
609
603
598
606
575
568
568
584
576
567
571
582
590
581
574
599
593
594
582
571
577
569
548
538
546
544
543
548
561
511
505
520
523
517
507
515
525
524
529
539
552
545
559
566
490
478
478
486
489
504
506
502
502
522
543
543
551
462
466
443
455
459
464
462
479
476
482
474
491
508
519
531
522
536
554
539
408
420
420
431
435
449
452
478
503
486
479
494
404
397
373
379
392
393
420
411
428
419
401
404
407
398
413
425
438
458
458
445
457
455
419
413
400
389
388
395
376
369
369
362
349
334
342
380
380
368
360
366
366
349
353
341
328
338
320
332
341
341
329
337
342
311
311
308
324
321
330
324
319
300
294
293
283
272
252
260
274
277
280
275
290
280
303
288
287
280
266
262
251
251
241
236
249
242
244
245
250
235
223
219
231
225
232
238
227
206
211
215
194
176
183
193
199
207
210
164
160
164
167
180
180
186
202
196
184
173
161
159
151
127
136
123
134
137
142
128
143
151
162
170
172
176
181
98
109
110
118
107
112
127
133
109
109
132
102
84
89
88
89
81
75
67
69
72
72
66
56
43
57
29
21
28
19
11
19
31
41
54
21
11
13
787
773
776
737
705
717
714
689
688
688
685
674
675
674
653
647
647
655
630
638
635
628
621
616
609
587
587
587
587
587
587
600
566
569
576
568
537
535
540
527
525
532
516
506
503
487
486
483
477
471
478
477
464
465
464
467
470
465
457
451
444
438
424
428
435
423
432
412
402
378
375
379
388
397
403
395
393
403
409
379
376
367
358
354
357
351
350
338
326
317
325
324
324
327
300
303
309
303
300
311
316
307
310
304
279
286
287
290
291
291
279
272
253
242
250
243
261
261
252
251
263
253
263
254
258
259
245
241
235
225
221
221
221
230
225
217
221
217
215
204
188
194
187
193
173
175
163
185
184
187
198
205
172
168
159
161
169
154
162
156
157
163
165
153
148
139
149
130
137
138
140
124
126
124
108
118
122
122
96
103
108
103
93
110
116
104
98
91
119
112
93
104
105
80
73
79
71
74
73
75
77
71
74
77
69
46
55
50
47
52
59
47
49
60
51
58
29
29
36
19
19
11
11
12
28
25
11
19
26
34
15
33
26
208
380
389
11
18
19
19
11
43
53
39
65
79
72
57
55
64
99
94
118
120
139
227
190
163
188
206
204
179
174
164
154
178
234
215
213
223
235
250
277
272
298
252
280
294
287
283
288
295
307
313
314
320
346
342
333
385
378
388
371
362
360
408
403
403
409
399
382
366
382
441
456
449
440
448
430
465
485
488
473
480
476
501
516
510
503
534
528
520
512
573
559
552
541
543
557
535
548
568
576
585
603
605
593
581
576
581
600
609
598
627
637
636
624
613
619
670
662
655
651
677
677
666
693
695
696
685
674
665
651
639
657
667
662
658
716
716
709
719
717
693
690
716
735
737
731
726
730
728
718
718
721
761
763
771
754
762
762
768
749
745
814
802
811
793
793
806
786
777
793
796
789
772
772
795
804
795
766
791
799
838
830
825
830
820
824
841
838
845
852
863
873
885
876
893
895
856
863
876
895
895
865
887
879
880
894
895
875
880
881
890
284
204
274
253
240
486
465
48
28
33
33
11
93
92
123
113
135
128
146
159
160
177
198
193
185
222
227
233
203
205
251
281
285
293
296
321
312
326
334
333
350
357
365
375
371
387
415
407
405
432
424
432
437
471
467
460
478
467
485
477
520
510
521
512
531
538
531
543
550
545
560
555
581
571
593
593
607
602
589
595
606
625
619
620
649
644
649
655
652
679
665
664
681
680
688
703
699
692
704
712
715
722
757
749
748
737
761
762
759
766
764
760
796
789
778
787
779
790
786
785
786
804
812
808
809
828
838
835
839
829
832
827
842
841
865
871
866
858
861
863
879
884
893
895
890
890
894
886
864
875
894
421
706
613
588
583
321
18
594
103
895
887
877
887
870
856
848
821
803
799
813
812
788
787
789
803
783
759
695
721
727
731
718
728
716
673
687
687
624
624
639
639
641
631
595
581
568
583
596
604
604
592
573
556
555
534
527
526
504
478
477
494
489
461
462
458
456
445
425
415
428
435
437
403
379
389
389
387
403
390
413
356
342
367
375
356
354
368
325
315
315
315
326
293
303
289
278
283
298
299
280
269
267
257
247
242
232
202
219
174
172
190
190
198
216
234
248
222
247
231
187
189
162
174
138
154
149
147
133
120
122
128
111
116
107
93
95
104
104
90
64
76
69
70
79
60
75
84
60
57
44
31
36
31
31
34
18
12
32
20
12
11
12
46
882
860
858
843
778
806
783
773
838
832
711
619
613
584
739
720
700
669
678
661
639
607
582
579
562
567
552
581
540
538
491
493
439
430
422
442
453
421
376
385
395
378
352
338
333
305
233
236
248
254
192
183
171
159
169
55
64
24
145
145
129
124
102
82
74
55
27
26
11
11
18
750
706
686
130
90
889
852
843
831
766
762
716
727
626
627
599
557
553
508
515
511
488
477
470
454
454
445
412
406
399
402
385
378
368
344
338
327
313
296
261
260
246
222
219
224
234
251
204
183
176
165
154
150
159
163
142
144
131
117
121
108
111
105
112
105
100
91
51
72
76
69
58
47
44
27
32
27
18
11
12
579
103
111
57
50
47
21
11
146
154
197
221
231
108
117
126
624
634
642
647
657
658
675
675
684
690
694
705
711
719
730
739
804
821
837
848
851
857
862
874
895
384
278
148
200
243
266
260
358
376
402
418
434
440
455
480
507
525
481
482
492
502
514
516
529
560
578
555
569
577
572
586
605
617
626
641
653
669
671
680
701
701
716
703
712
721
710
727
731
739
747
763
740
747
758
768
775
784
794
802
812
815
812
829
841
851
866
895
875
807
787
760
732
724
724
710
704
697
685
682
675
674
663
653
659
638
635
643
646
627
616
609
618
603
590
591
600
594
594
599
571
571
575
569
576
557
557
551
551
548
554
548
564
560
565
535
527
531
541
512
513
517
501
492
485
485
482
485
489
498
516
479
465
467
464
468
458
472
453
445
436
438
439
437
451
426
417
417
409
407
402
401
398
389
381
389
380
382
372
368
369
361
366
358
354
365
358
361
354
352
345
346
340
326
331
326
320
327
335
326
330
324
310
307
298
316
308
305
299
295
291
296
291
281
280
281
272
269
274
265
258
263
256
254
243
247
247
246
228
234
230
229
236
227
222
231
220
199
205
203
202
207
194
187
185
184
192
194
190
183
172
174
170
161
161
152
142
138
147
151
154
146
145
138
137
126
130
114
109
117
117
101
90
88
94
103
101
107
85
79
67
69
63
69
78
73
69
84
56
50
52
44
42
47
49
47
38
33
32
21
17
36
28
33
23
21
14
11
232
97
111
270
424
435
610
616
663
668
672
890
895
789
755
739
551
449
481
362
352
315
258
251
182
174
147
137
96
118
11
67
78
79
126
223
280
344
396
438
460
469
546
595
637
647
892
816
875
893
895
839
828
816
774
774
760
742
732
714
693
694
674
644
646
664
636
611
625
616
613
589
569
576
573
563
554
553
534
518
499
491
497
507
489
497
494
472
464
460
442
434
417
406
421
400
402
412
400
378
337
328
318
313
282
284
296
292
294
276
265
253
247
236
236
207
199
197
177
182
178
178
162
148
131
112
131
110
107
65
53
64
41
42
25
15
33
24
30
33
894
894
760
341
294
165
186
444
472
525
556
