206
206
205
205
204
203
204
185
183
193
193
192
191
193
186
666
235
234
237
237
236
234
233
233
235
235
237
234
236
238
215
213
213
214
214
214
189
194
194
617
660
674
604
615
633
578
656
687
696
604
587
601
629
644
661
593
617
630
642
674
688
694
648
661
614
630
637
656
686
667
688
669
661
654
663
656
651
629
611
606
585
608
631
638
624
630
616
599
592
605
584
574
578
543
559
523
494
508
508
508
528
523
546
559
533
500
525
553
576
568
559
566
555
524
507
515
509
511
527
553
527
536
528
519
486
469
470
461
446
417
400
379
399
387
417
421
403
404
418
452
438
444
502
486
496
479
483
472
457
444
465
457
449
441
430
433
418
410
409
402
389
396
370
395
408
405
393
377
385
378
375
391
381
385
397
395
371
353
349
352
362
376
368
379
409
407
413
399
358
342
350
351
363
344
352
355
352
360
374
375
403
400
391
378
363
356
384
366
361
344
404
399
385
380
369
361
346
334
326
315
335
335
326
348
337
318
314
324
330
330
342
353
369
383
331
321
316
343
336
334
319
318
314
319
322
327
337
334
339
353
355
326
318
507
523
519
511
516
515
522
514
368
373
368
370
363
363
360
404
208
171
192
192
192
182
181
182
188
27
680
687
674
649
656
572
596
613
583
647
633
622
612
599
557
640
662
668
649
666
682
636
645
625
605
602
589
584
596
607
637
657
667
659
629
621
595
610
618
628
641
663
655
639
614
629
651
638
646
627
608
585
595
612
621
602
613
588
602
616
575
585
600
607
619
629
615
608
608
599
583
573
582
586
573
548
533
543
550
554
559
563
557
565
586
595
587
579
549
541
532
520
510
521
501
497
483
473
468
478
500
486
476
472
479
490
519
522
543
558
566
549
546
539
545
538
527
538
520
512
523
521
505
501
494
481
485
481
503
490
495
516
516
502
502
478
482
474
469
464
452
445
455
463
451
457
450
455
467
471
466
469
487
489
498
495
492
497
504
508
513
508
523
527
532
518
507
489
471
463
453
446
443
459
451
441
424
443
450
452
437
461
451
444
468
474
437
427
434
441
446
453
437
433
447
457
463
489
483
443
447
451
463
470
477
489
440
445
449
457
471
477
483
495
463
452
446
439
439
431
455
471
462
457
439
432
441
451
466
475
466
453
446
430
441
450
434
423
443
439
434
427
421
410
406
401
436
425
414
381
390
401
420
432
398
408
412
423
439
358
371
385
391
396
405
409
415
327
326
319
331
322
319
323
329
340
319
317
316
321
374
382
361
369
385
378
380
366
385
402
409
406
394
383
376
365
361
345
323
325
321
315
319
325
325
351
374
394
403
404
387
379
368
395
390
365
324
323
324
362
369
371
380
384
395
364
376
328
362
364
336
334
352
360
360
370
389
393
393
389
376
366
378
383
396
348
358
349
371
389
401
412
405
393
392
354
362
357
364
368
377
356
362
370
384
383
332
336
341
355
369
372
355
384
403
394
387
414
410
356
364
374
400
415
355
359
374
384
379
390
396
402
353
362
358
370
381
387
377
391
366
347
360
375
381
354
364
377
384
394
402
382
367
377
395
386
392
400
416
228
194
194
194
194
190
191
187
211
202
203
203
203
203
202
202
202
202
201
201
201
201
201
203
202
208
208
189
176
135
510
556
580
534
544
508
520
509
525
586
534
580
528
527
540
562
522
534
553
578
579
571
562
547
526
533
525
497
504
514
491
501
512
521
549
510
476
487
474
460
467
487
497
505
492
491
475
482
480
448
455
469
463
478
494
487
495
474
464
485
478
431
444
456
415
423
429
441
434
436
444
439
450
450
457
445
449
436
442
450
461
441
450
463
459
451
446
433
431
440
435
422
427
431
436
446
441
455
469
461
466
482
446
432
424
427
435
439
450
462
446
448
440
454
438
443
456
459
442
448
452
458
443
440
434
427
438
442
451
453
423
416
409
396
419
401
394
398
416
426
403
413
403
432
388
398
415
421
392
406
400
394
402
389
398
406
414
390
395
402
401
409
415
393
411
417
405
414
417
425
429
439
414
422
432
393
386
381
393
407
414
422
411
419
381
397
386
389
403
411
419
429
414
424
376
388
396
404
411
418
422
430
422
385
392
397
397
409
417
401
403
404
409
421
427
381
399
395
401
410
416
419
431
441
417
418
427
406
414
406
399
409
400
398
392
379
354
347
357
322
337
325
319
335
346
288
286
290
284
280
287
215
210
207
194
364
372
379
382
387
393
401
397
407
420
426
410
416
454
511
358
367
368
374
384
399
359
367
372
378
384
390
411
415
420
427
359
364
369
376
383
395
398
402
404
409
362
363
372
382
386
389
392
396
400
412
443
464
358
364
366
372
374
379
384
386
392
399
407
403
419
427
435
442
445
372
372
378
389
389
395
404
400
410
416
416
427
425
361
362
368
371
372
380
383
388
391
394
400
406
408
415
437
446
457
361
367
362
369
376
381
397
400
415
421
427
433
444
365
371
380
389
407
420
363
380
385
398
412
423
433
450
367
364
372
378
369
377
383
387
394
402
432
439
359
362
358
366
374
359
360
366
370
371
375
378
383
390
395
399
406
422
433
427
436
443
450
363
367
370
372
378
384
386
361
364
364
369
370
376
381
378
386
389
391
394
399
401
414
361
363
370
374
384
387
388
398
402
410
411
418
420
357
366
362
367
377
383
393
380
386
394
402
412
424
419
426
434
438
440
454
361
364
374
382
388
402
409
425
441
448
455
461
366
371
361
364
378
386
386
390
394
399
393
402
416
419
424
412
429
430
438
443
447
456
456
444
447
435
449
460
456
445
424
428
436
441
451
391
380
376
384
386
398
413
367
360
366
369
373
376
374
380
383
388
391
363
386
391
393
403
407
423
432
375
381
371
363
365
366
370
374
381
387
392
399
404
405
408
417
438
432
449
441
430
371
376
377
381
386
389
399
393
401
408
406
415
417
423
363
363
365
370
357
359
366
372
375
373
381
362
370
373
374
379
389
390
396
408
403
396
391
383
366
364
367
374
374
377
383
384
389
393
407
411
419
425
435
360
369
373
388
394
395
405
411
416
425
433
407
362
371
379
389
405
399
394
383
375
371
362
362
366
377
376
383
388
392
386
402
402
406
422
412
416
428
396
383
355
341
344
357
371
340
347
355
364
339
345
356
353
359
368
374
385
356
352
342
347
339
341
336
342
349
354
358
368
365
366
373
351
348
334
340
350
345
353
360
366
338
350
339
357
373
335
341
344
353
332
346
352
358
363
370
342
339
336
334
332
342
347
351
362
337
331
331
335
341
337
342
356
360
369
374
368
365
354
356
349
358
323
328
336
333
324
320
338
344
350
357
324
326
331
336
344
348
363
365
370
379
317
321
333
351
363
373
357
348
313
315
319
324
320
323
330
333
337
338
345
355
365
384
343
352
356
359
362
372
381
326
333
341
349
326
315
318
320
326
331
340
343
348
348
355
359
366
378
385
371
360
368
376
380
387
338
335
330
320
309
313
321
316
343
337
352
358
375
349
362
382
392
309
315
323
305
308
312
313
316
318
326
324
334
339
337
342
346
347
357
310
314
323
323
334
344
350
358
363
380
388
393
309
311
312
317
320
329
333
337
346
346
354
305
313
322
314
322
308
313
318
332
339
344
346
349
352
356
367
377
193
193
193
385
369
388
398
406
357
375
403
385
381
395
410
418
427
437
398
397
385
381
331
337
342
353
348
376
381
386
396
401
431
381
388
402
407
411
402
407
441
426
357
326
353
378
384
390
394
373
385
396
413
373
379
393
363
372
379
387
392
400
374
382
390
398
406
412
420
434
353
390
403
411
423
436
446
328
364
373
379
385
391
388
398
404
332
337
347
359
329
333
340
342
353
350
368
383
389
400
407
331
338
344
362
371
380
392
399
406
328
325
334
366
368
381
323
326
334
345
327
335
346
332
345
354
358
370
374
379
385
391
397
418
438
325
331
338
342
347
374
383
434
326
343
356
364
370
387
391
395
405
323
328
331
345
350
370
379
380
399
324
330
334
335
341
344
351
359
366
376
384
386
392
392
400
404
427
424
430
322
361
366
370
378
398
388
408
438
338
341
326
323
337
338
344
349
355
372
365
376
379
388
391
399
394
401
419
433
437
446
198
172
166
373
374
380
397
393
375
386
380
383
386
394
376
384
399
375
379
386
390
379
384
396
405
432
389
376
381
417
473
385
389
390
400
417
406
420
386
390
398
411
421
437
387
382
391
398
413
386
389
392
416
424
430
452
379
388
394
409
412
418
423
491
388
390
394
414
380
382
385
395
395
402
428
441
482
388
418
428
393
411
429
472
488
485
398
404
410
419
430
435
443
386
406
415
421
384
386
387
394
425
401
411
415
438
455
489
386
398
404
408
418
428
442
449
461
403
411
448
470
391
397
419
424
428
439
450
456
464
391
402
407
411
418
436
434
400
395
403
411
418
435
464
477
486
496
300
242
230
224
224
216
201
164
417
308
194
194
194
457
451
467
482
488
444
454
412
439
443
449
467
463
473
485
506
539
555
521
439
449
460
465
477
483
441
452
462
441
451
453
461
473
483
529
435
443
447
457
458
463
490
487
482
459
466
440
433
448
457
469
481
503
476
454
437
426
431
423
435
449
465
481
423
426
432
443
453
462
469
473
420
431
457
465
473
482
500
424
435
442
449
461
422
427
448
450
456
474
483
491
462
438
439
420
428
425
412
442
420
433
437
445
452
457
471
478
484
499
508
465
477
485
501
411
423
438
459
471
402
410
418
425
427
432
416
442
467
475
486
489
496
504
419
423
432
445
457
451
465
475
479
410
415
421
429
429
440
448
468
461
477
497
557
420
416
426
423
409
421
426
474
504
513
547
521
514
504
451
438
453
433
391
402
415
409
391
404
398
420
435
446
406
395
419
432
446
439
432
401
407
378
374
384
402
406
450
401
410
408
393
404
408
340
394
390
403
412
465
476
445
459
408
394
389
403
395
385
399
394
393
386
380
365
363
358
210
210
183
182
381
365
370
362
365
357
357
368
355
361
354
355
366
350
357
364
370
352
360
350
358
354
359
368
364
350
350
358
355
363
349
352
358
348
353
358
349
344
350
357
365
379
359
341
347
350
342
345
352
357
353
362
375
378
362
342
347
350
357
360
355
370
374
343
347
353
355
364
344
349
354
357
363
355
341
427
489
347
344
347
352
333
347
185
182
180
180
181
167
166
166
175
168
175
175
169
176
168
178
177
175
175
175
172
173
170
172
174
168
171
173
171
172
172
170
172
100
184
232
224
226
225
239
244
278
243
283
273
278
258
245
253
252
275
281
277
273
272
281
276
251
253
279
271
271
281
281
280
283
280
281
276
278
285
276
275
285
284
249
249
250
261
267
258
261
261
261
272
279
288
287
283
287
282
280
276
285
256
258
258
264
256
333
349
339
343
344
326
344
349
336
335
344
328
338
335
348
333
332
344
332
341
345
354
327
330
333
348
324
328
335
335
342
349
353
318
321
327
325
351
312
318
321
325
329
333
336
339
345
351
318
331
341
348
316
328
334
322
323
326
332
339
345
350
353
354
317
310
314
320
325
319
344
329
331
327
308
317
346
348
355
346
323
334
313
317
320
328
331
332
315
347
357
353
349
311
312
319
315
321
326
326
330
332
341
348
326
320
312
315
318
322
326
334
338
344
351
319
317
314
330
333
334
338
344
351
334
325
315
327
334
319
343
358
321
317
327
330
320
317
337
343
354
313
320
321
329
335
340
350
357
326
317
323
331
338
345
319
323
330
335
335
342
345
351
314
322
328
332
342
350
349
342
338
332
317
314
323
320
312
321
328
315
320
326
335
316
312
323
330
334
342
347
333
320
317
327
340
341
342
349
354
357
320
314
324
326
332
332
336
342
342
348
353
355
357
311
313
319
321
333
332
326
286
202
200
184
194
211
185
181
183
181
181
184
184
524
502
495
537
527
511
548
541
551
507
517
534
508
482
492
513
531
542
497
486
462
448
461
468
465
464
452
456
465
474
501
481
466
468
462
444
433
423
432
424
414
445
433
422
414
428
420
431
410
402
406
418
426
433
408
413
419
439
449
402
415
424
435
422
409
405
414
394
404
418
421
428
440
451
411
419
428
406
412
405
398
420
425
438
443
449
402
419
402
406
448
394
399
412
427
443
432
423
405
394
419
433
409
396
416
393
403
425
434
409
412
402
400
373
368
376
371
376
397
374
383
370
379
386
390
400
420
374
318
247
233
228
177
204
122
121
118
116
